-0.993017 3.400266 -0.437533 -0.179693 -0.110812 -0.221595 0.952012
-1.052675 3.459866 -0.456126 -0.179555 -0.111204 -0.221594 0.951993
-1.113078 3.520017 -0.474946 -0.179412 -0.111572 -0.221616 0.951971
-1.174223 3.580726 -0.493990 -0.179304 -0.111955 -0.221607 0.951949
-1.236105 3.641997 -0.513263 -0.179181 -0.112400 -0.221531 0.951937
-1.298727 3.703824 -0.532771 -0.179043 -0.112824 -0.221419 0.951939
-1.362091 3.766202 -0.552510 -0.178915 -0.113231 -0.221279 0.951947
-1.426192 3.829133 -0.572483 -0.178770 -0.113672 -0.221167 0.951948
-1.491027 3.892615 -0.592695 -0.178615 -0.114101 -0.221086 0.951945
-0.898763 3.187131 -0.471978 -0.172976 -0.107205 -0.219222 0.954216
-0.955398 3.240811 -0.490373 -0.172822 -0.107708 -0.219146 0.954205
-1.012743 3.294983 -0.508994 -0.172618 -0.108132 -0.218950 0.954238
-1.070799 3.349650 -0.527839 -0.172403 -0.108543 -0.218774 0.954271
-1.129566 3.404815 -0.546908 -0.172292 -0.108948 -0.218661 0.954271
-1.189048 3.460483 -0.566203 -0.172170 -0.109361 -0.218509 0.954281
-1.249253 3.516656 -0.585724 -0.172017 -0.109750 -0.218381 0.954293
-1.310178 3.573327 -0.605474 -0.171799 -0.110140 -0.218287 0.954309
-1.371815 3.630489 -0.625454 -0.171583 -0.110621 -0.218106 0.954333
-1.434166 3.688143 -0.645665 -0.171528 -0.111044 -0.217902 0.954340
-0.863649 3.035852 -0.518894 -0.166333 -0.104391 -0.215710 0.956507
-0.918093 3.084346 -0.537300 -0.166134 -0.104784 -0.215614 0.956520
-0.973210 3.133284 -0.555936 -0.165990 -0.105185 -0.215474 0.956533
-1.029002 3.182667 -0.574805 -0.165809 -0.105625 -0.215391 0.956534
-1.085476 3.232496 -0.593902 -0.165584 -0.105963 -0.215424 0.956528
-1.142635 3.282769 -0.613220 -0.165428 -0.106302 -0.215438 0.956515
-1.200485 3.333482 -0.632760 -0.165242 -0.106670 -0.215357 0.956524
-1.259027 3.384629 -0.652522 -0.165011 -0.106981 -0.215321 0.956537
-1.318256 3.436209 -0.672503 -0.164841 -0.107301 -0.215190 0.956560
-1.378166 3.488225 -0.692698 -0.164750 -0.107754 -0.215012 0.956565
-0.829297 2.887324 -0.560789 -0.159983 -0.101507 -0.212619 0.958590
-0.881579 2.930822 -0.579179 -0.159820 -0.101923 -0.212516 0.958596
-0.934515 2.974705 -0.597795 -0.159679 -0.102293 -0.212436 0.958598
-0.988110 3.018969 -0.616634 -0.159614 -0.102587 -0.212323 0.958602
-1.042363 3.063620 -0.635686 -0.159530 -0.102798 -0.212218 0.958617
-1.097268 3.108657 -0.654947 -0.159356 -0.103131 -0.212134 0.958629
-1.152818 3.154083 -0.674419 -0.159095 -0.103558 -0.212001 0.958655
-1.209019 3.199902 -0.694101 -0.158863 -0.103937 -0.211903 0.958674
-1.265879 3.246114 -0.713995 -0.158730 -0.104332 -0.211745 0.958689
-1.323402 3.292719 -0.734108 -0.158564 -0.104737 -0.211585 0.958707
-0.793630 2.741795 -0.597730 -0.154071 -0.098671 -0.209105 0.960625
-0.843815 2.780540 -0.616065 -0.153850 -0.098981 -0.209052 0.960640
-0.894642 2.819631 -0.634610 -0.153642 -0.099279 -0.209025 0.960649
-0.946110 2.859071 -0.653364 -0.153522 -0.099671 -0.208948 0.960644
-0.998216 2.898860 -0.672330 -0.153437 -0.100070 -0.208869 0.960634
-1.050962 2.938988 -0.691507 -0.153278 -0.100430 -0.208851 0.960625
-1.104345 2.979450 -0.710891 -0.153088 -0.100779 -0.208755 0.960640
-1.158366 3.020252 -0.730485 -0.152923 -0.101138 -0.208605 0.960661
-1.213027 3.061402 -0.750297 -0.152771 -0.101605 -0.208491 0.960661
-1.268334 3.102900 -0.770334 -0.152667 -0.102073 -0.208374 0.960653
-0.756766 2.599974 -0.631026 -0.148646 -0.096185 -0.205656 0.962475
-0.804990 2.634267 -0.649309 -0.148431 -0.096499 -0.205404 0.962531
-0.853825 2.668880 -0.667804 -0.148290 -0.096835 -0.205291 0.962543
-0.903275 2.703810 -0.686504 -0.148128 -0.097148 -0.205267 0.962541
-0.953354 2.739052 -0.705399 -0.147891 -0.097483 -0.205186 0.962561
-1.004068 2.774598 -0.724488 -0.147658 -0.097788 -0.205108 0.962583
-1.055412 2.810443 -0.743772 -0.147450 -0.098109 -0.205004 0.962604
-1.107380 2.846586 -0.763259 -0.147247 -0.098473 -0.204877 0.962625
-1.159974 2.883036 -0.782954 -0.147031 -0.098806 -0.204795 0.962641
-1.213198 2.919792 -0.802859 -0.146783 -0.099140 -0.204625 0.962681
-0.719034 2.462275 -0.662412 -0.143037 -0.093458 -0.201943 0.964378
-0.765435 2.492435 -0.680563 -0.142751 -0.093628 -0.201940 0.964405
-0.812438 2.522852 -0.698921 -0.142494 -0.093851 -0.201884 0.964433
-0.860044 2.553518 -0.717481 -0.142275 -0.094158 -0.201779 0.964457
-0.908253 2.584428 -0.736246 -0.142095 -0.094490 -0.201707 0.964466
-0.957071 2.615590 -0.755220 -0.141922 -0.094845 -0.201614 0.964476
-1.006500 2.647010 -0.774407 -0.141803 -0.095211 -0.201479 0.964486
-1.056540 2.678687 -0.793801 -0.141673 -0.095528 -0.201308 0.964509
-1.107195 2.710619 -0.813399 -0.141490 -0.095874 -0.201100 0.964545
-1.158461 2.742804 -0.833202 -0.141310 -0.096264 -0.200998 0.964554
-0.680416 2.328561 -0.690582 -0.138044 -0.090879 -0.198394 0.966087
-0.725086 2.354738 -0.708632 -0.137827 -0.091161 -0.198264 0.966118
-0.770346 2.381140 -0.726877 -0.137662 -0.091420 -0.198134 0.966144
-0.816201 2.407762 -0.745318 -0.137499 -0.091676 -0.197969 0.966177
-0.862653 2.434597 -0.763958 -0.137300 -0.091929 -0.197799 0.966216
-0.909706 2.461645 -0.782796 -0.137067 -0.092156 -0.197723 0.966243
-0.957361 2.488907 -0.801830 -0.136876 -0.092449 -0.197645 0.966258
-1.005620 2.516387 -0.821056 -0.136744 -0.092815 -0.197471 0.966277
-1.054493 2.544086 -0.840474 -0.136503 -0.093146 -0.197319 0.966311
-1.103986 2.571998 -0.860086 -0.136279 -0.093455 -0.197138 0.966349
-0.641965 2.198816 -0.716340 -0.133342 -0.088368 -0.194520 0.967767
-0.685149 2.221277 -0.734218 -0.133026 -0.088730 -0.194395 0.967802
-0.728932 2.243920 -0.752298 -0.132700 -0.088991 -0.194303 0.967842
-0.773317 2.266750 -0.770580 -0.132448 -0.089332 -0.194232 0.967859
-0.818303 2.289768 -0.789064 -0.132259 -0.089705 -0.194075 0.967882
-0.863890 2.312973 -0.807757 -0.131994 -0.090038 -0.193949 0.967912
-0.910091 2.336371 -0.826657 -0.131804 -0.090409 -0.193889 0.967916
-0.956920 2.359963 -0.845759 -0.131724 -0.090755 -0.193831 0.967906
-1.004386 2.383745 -0.865055 -0.131621 -0.091148 -0.193697 0.967910
-1.052490 2.407707 -0.884540 -0.131462 -0.091498 -0.193559 0.967926
-0.604619 2.074088 -0.738510 -0.128857 -0.086520 -0.191087 0.969224
-0.646672 2.093183 -0.756231 -0.128557 -0.086846 -0.190999 0.969252
-0.689327 2.112437 -0.774140 -0.128338 -0.087167 -0.190921 0.969268
-0.732591 2.131852 -0.792242 -0.128181 -0.087490 -0.190906 0.969262
-0.776470 2.151426 -0.810544 -0.128032 -0.087781 -0.190856 0.969266
-0.820962 2.171160 -0.829051 -0.127841 -0.088121 -0.190778 0.969276
-0.866069 2.191056 -0.847770 -0.127570 -0.088440 -0.190685 0.969301
-0.911796 2.211108 -0.866703 -0.127306 -0.088732 -0.190581 0.969329
-0.958149 2.231307 -0.885849 -0.127011 -0.089090 -0.190449 0.969361
-1.005131 2.251648 -0.905207 -0.126747 -0.089413 -0.190338 0.969387
-0.570193 1.955528 -0.757591 -0.124589 -0.084656 -0.188054 0.970539
-0.611344 1.971519 -0.775209 -0.124426 -0.085022 -0.188005 0.970538
-0.653098 1.987624 -0.793022 -0.124171 -0.085375 -0.187957 0.970549
-0.695459 2.003844 -0.811028 -0.123917 -0.085638 -0.187892 0.970571
-0.738437 2.020175 -0.829224 -0.123741 -0.085926 -0.187705 0.970604
-0.782034 2.036610 -0.847614 -0.123623 -0.086294 -0.187551 0.970616
-0.826247 2.053146 -0.866200 -0.123496 -0.086661 -0.187476 0.970614
-0.871074 2.069782 -0.884983 -0.123328 -0.086975 -0.187365 0.970629
-0.916522 2.086513 -0.903958 -0.123166 -0.087256 -0.187171 0.970661
-0.962600 2.103337 -0.923126 -0.123052 -0.087582 -0.186995 0.970680
-0.539227 1.842884 -0.774450 -0.121274 -0.082983 -0.184683 0.971750
-0.579674 1.855834 -0.791842 -0.121155 -0.083220 -0.184569 0.971766
-0.620714 1.868852 -0.809413 -0.121029 -0.083542 -0.184514 0.971765
-0.662340 1.881937 -0.827168 -0.120775 -0.083871 -0.184467 0.971777
-0.704556 1.895090 -0.845112 -0.120444 -0.084155 -0.184362 0.971814
-0.747364 1.908312 -0.863249 -0.120196 -0.084358 -0.184287 0.971841
-0.790768 1.921600 -0.881572 -0.119969 -0.084551 -0.184282 0.971853
-0.834766 1.934955 -0.900079 -0.119668 -0.084899 -0.184185 0.971878
-0.879355 1.948378 -0.918772 -0.119484 -0.085279 -0.184027 0.971898
-0.924538 1.961867 -0.937657 -0.119378 -0.085552 -0.183878 0.971915
-0.511311 1.733110 -0.789207 -0.117847 -0.081060 -0.181588 0.972917
-0.550973 1.743190 -0.806338 -0.117681 -0.081389 -0.181415 0.972942
-0.591204 1.753303 -0.823645 -0.117508 -0.081706 -0.181265 0.972964
-0.632003 1.763440 -0.841123 -0.117346 -0.081953 -0.181158 0.972983
-0.673369 1.773598 -0.858773 -0.117207 -0.082178 -0.181095 0.972992
-0.715307 1.783768 -0.876604 -0.117012 -0.082348 -0.181036 0.973012
-0.757822 1.793955 -0.894619 -0.116783 -0.082517 -0.180929 0.973045
-0.800909 1.804162 -0.912818 -0.116611 -0.082738 -0.180760 0.973079
-0.844567 1.814390 -0.931200 -0.116435 -0.083037 -0.180557 0.973112
-0.888795 1.824632 -0.949760 -0.116313 -0.083436 -0.180393 0.973123
-0.485693 1.629377 -0.804145 -0.115113 -0.079249 -0.178323 0.973997
-0.524556 1.636633 -0.820968 -0.114819 -0.079450 -0.178255 0.974028
-0.563973 1.643873 -0.837975 -0.114547 -0.079683 -0.178216 0.974048
-0.603945 1.651107 -0.855165 -0.114346 -0.079919 -0.178119 0.974070
-0.644474 1.658340 -0.872536 -0.114167 -0.080087 -0.177990 0.974100
-0.685562 1.665569 -0.890089 -0.113916 -0.080272 -0.177897 0.974132
-0.727211 1.672789 -0.907830 -0.113660 -0.080456 -0.177808 0.974162
-0.769421 1.679998 -0.925762 -0.113455 -0.080728 -0.177742 0.974176
-0.812197 1.687198 -0.943885 -0.113250 -0.080938 -0.177642 0.974201
-0.855540 1.694387 -0.962199 -0.113020 -0.081146 -0.177533 0.974230
-0.460799 1.529588 -0.818121 -0.111989 -0.077071 -0.175562 0.975037
-0.498909 1.534221 -0.834741 -0.111735 -0.077250 -0.175480 0.975067
-0.537550 1.538815 -0.851540 -0.111541 -0.077441 -0.175438 0.975081
-0.576722 1.543376 -0.868512 -0.111325 -0.077795 -0.175357 0.975092
-0.616429 1.547903 -0.885650 -0.111093 -0.078128 -0.175167 0.975126
-0.656670 1.552393 -0.902952 -0.110851 -0.078368 -0.174986 0.975167
-0.697445 1.556843 -0.920423 -0.110553 -0.078602 -0.174907 0.975196
-0.738762 1.561250 -0.938069 -0.110309 -0.078816 -0.174792 0.975227
-0.780626 1.565616 -0.955895 -0.110129 -0.079022 -0.174712 0.975245
-0.823040 1.569942 -0.973900 -0.109978 -0.079220 -0.174588 0.975268
-0.436126 1.434548 -0.830749 -0.109397 -0.075154 -0.172688 0.975993
-0.473404 1.436758 -0.847054 -0.109274 -0.075372 -0.172602 0.976005
-0.511204 1.438911 -0.863525 -0.109043 -0.075630 -0.172508 0.976028
-0.549539 1.441001 -0.880161 -0.108797 -0.075847 -0.172524 0.976036
-0.588415 1.443032 -0.896961 -0.108615 -0.076071 -0.172483 0.976046
-0.627830 1.445007 -0.913926 -0.108389 -0.076233 -0.172302 0.976090
-0.667784 1.446923 -0.931058 -0.108216 -0.076339 -0.172170 0.976125
-0.708282 1.448779 -0.948359 -0.108082 -0.076458 -0.172112 0.976140
-0.749328 1.450577 -0.965826 -0.107899 -0.076685 -0.171974 0.976167
-0.790917 1.452322 -0.983462 -0.107686 -0.076990 -0.171833 0.976191
-0.412495 1.346113 -0.842922 -0.107244 -0.073163 -0.170120 0.976834
-0.449103 1.346160 -0.858886 -0.107034 -0.073328 -0.170038 0.976859
-0.486241 1.346135 -0.875019 -0.106813 -0.073504 -0.169918 0.976891
-0.523919 1.346035 -0.891329 -0.106567 -0.073735 -0.169798 0.976921
-0.562139 1.345859 -0.907817 -0.106324 -0.073960 -0.169698 0.976948
-0.600899 1.345612 -0.924480 -0.106055 -0.074105 -0.169570 0.976989
-0.640203 1.345291 -0.941314 -0.105725 -0.074328 -0.169414 0.977034
-0.680058 1.344889 -0.958319 -0.105433 -0.074640 -0.169268 0.977068
-0.720466 1.344408 -0.975498 -0.105203 -0.074858 -0.169257 0.977078
-0.761429 1.343852 -0.992849 -0.104928 -0.075057 -0.169284 0.977087
-0.390977 1.263794 -0.854549 -0.104648 -0.071289 -0.167605 0.977689
-0.427133 1.261909 -0.870269 -0.104342 -0.071395 -0.167439 0.977742
-0.463804 1.259927 -0.886154 -0.104083 -0.071498 -0.167302 0.977786
-0.500992 1.257843 -0.902203 -0.103917 -0.071660 -0.167215 0.977806
-0.538695 1.255658 -0.918421 -0.103682 -0.071876 -0.167067 0.977841
-0.576916 1.253367 -0.934808 -0.103415 -0.072126 -0.166875 0.977883
-0.615658 1.250965 -0.951369 -0.103240 -0.072373 -0.166767 0.977902
-0.654922 1.248455 -0.968105 -0.103027 -0.072632 -0.166709 0.977915
-0.694707 1.245846 -0.985018 -0.102745 -0.072858 -0.166630 0.977942
-0.735012 1.243140 -1.002099 -0.102453 -0.073025 -0.166516 0.977979
-0.371458 1.187474 -0.865182 -0.102444 -0.069433 -0.164896 0.978516
-0.407011 1.183777 -0.880637 -0.102170 -0.069749 -0.164753 0.978546
-0.443046 1.179961 -0.896255 -0.101889 -0.070008 -0.164600 0.978583
-0.479568 1.176021 -0.912042 -0.101640 -0.070189 -0.164487 0.978615
-0.516582 1.171958 -0.927996 -0.101324 -0.070404 -0.164401 0.978647
-0.554095 1.167772 -0.944117 -0.100989 -0.070633 -0.164336 0.978676
-0.592113 1.163459 -0.960406 -0.100789 -0.070809 -0.164193 0.978707
-0.630635 1.159017 -0.976860 -0.100658 -0.071013 -0.163985 0.978741
-0.669656 1.154446 -0.993474 -0.100401 -0.071321 -0.163871 0.978764
-0.709177 1.149744 -1.010243 -0.100084 -0.071551 -0.163725 0.978804
-0.351241 1.118274 -0.873721 -0.100380 -0.068013 -0.162097 0.979297
-0.386108 1.112885 -0.888853 -0.100282 -0.068251 -0.161955 0.979314
-0.421452 1.107352 -0.904137 -0.100193 -0.068462 -0.161890 0.979319
-0.457278 1.101676 -0.919581 -0.100043 -0.068561 -0.161806 0.979341
-0.493585 1.095855 -0.935194 -0.099798 -0.068741 -0.161688 0.979373
-0.530368 1.089886 -0.950979 -0.099571 -0.068938 -0.161555 0.979405
-0.567627 1.083760 -0.966936 -0.099359 -0.069071 -0.161458 0.979433
-0.605364 1.077472 -0.983063 -0.099078 -0.069227 -0.161338 0.979470
-0.643587 1.071017 -0.999358 -0.098816 -0.069392 -0.161162 0.979514
-0.682298 1.064388 -1.015817 -0.098653 -0.069577 -0.161024 0.979540
-0.330033 1.053883 -0.879857 -0.099046 -0.066209 -0.159514 0.979980
-0.364165 1.046825 -0.894708 -0.098763 -0.066413 -0.159373 0.980018
-0.398745 1.039591 -0.909710 -0.098538 -0.066514 -0.159267 0.980051
-0.433770 1.032172 -0.924863 -0.098289 -0.066600 -0.159229 0.980077
-0.469247 1.024564 -0.940166 -0.097987 -0.066790 -0.159122 0.980111
-0.505180 1.016770 -0.955621 -0.097672 -0.066997 -0.158902 0.980164
-0.541576 1.008793 -0.971226 -0.097463 -0.067223 -0.158800 0.980186
-0.578433 1.000635 -0.986983 -0.097296 -0.067420 -0.158767 0.980194
-0.615749 0.992291 -1.002900 -0.097075 -0.067521 -0.158618 0.980234
-0.653518 0.983761 -1.018980 -0.096830 -0.067678 -0.158441 0.980276
-0.307077 0.993081 -0.884112 -0.097441 -0.064397 -0.157000 0.980668
-0.340315 0.984419 -0.898609 -0.097261 -0.064535 -0.156876 0.980696
-0.373982 0.975580 -0.913267 -0.097089 -0.064679 -0.156737 0.980726
-0.408083 0.966558 -0.928087 -0.096902 -0.064817 -0.156571 0.980762
-0.442620 0.957354 -0.943070 -0.096698 -0.064948 -0.156331 0.980812
-0.477589 0.947962 -0.958210 -0.096497 -0.065079 -0.156142 0.980853
-0.512990 0.938379 -0.973500 -0.096327 -0.065188 -0.155931 0.980896
-0.548826 0.928606 -0.988939 -0.096122 -0.065308 -0.155721 0.980942
-0.585099 0.918645 -1.004524 -0.095859 -0.065428 -0.155609 0.980977
-0.621814 0.908487 -1.020255 -0.095562 -0.065520 -0.155510 0.981016
-0.281261 0.936885 -0.886722 -0.096291 -0.062274 -0.154119 0.981375
-0.313551 0.926825 -0.900856 -0.096053 -0.062415 -0.154143 0.981386
-0.346254 0.916567 -0.915131 -0.095809 -0.062577 -0.154150 0.981398
-0.379376 0.906104 -0.929550 -0.095592 -0.062749 -0.154050 0.981424
-0.412929 0.895436 -0.944114 -0.095414 -0.063004 -0.153827 0.981460
-0.446916 0.884563 -0.958825 -0.095153 -0.063272 -0.153706 0.981487
-0.481336 0.873492 -0.973691 -0.094884 -0.063448 -0.153667 0.981508
-0.516190 0.862220 -0.988714 -0.094709 -0.063601 -0.153525 0.981537
-0.551474 0.850738 -1.003893 -0.094577 -0.063755 -0.153421 0.981556
-0.587195 0.839048 -1.019224 -0.094454 -0.063902 -0.153336 0.981572
-0.253470 0.886028 -0.886958 -0.095463 -0.060840 -0.151834 0.981902
-0.284896 0.874704 -0.900710 -0.095323 -0.060976 -0.151729 0.981924
-0.316733 0.863169 -0.914595 -0.095131 -0.061138 -0.151585 0.981954
-0.348976 0.851416 -0.928622 -0.094958 -0.061326 -0.151448 0.981980
-0.381624 0.839438 -0.942792 -0.094815 -0.061520 -0.151434 0.981984
-0.414675 0.827236 -0.957108 -0.094625 -0.061720 -0.151336 0.982005
-0.448124 0.814817 -0.971567 -0.094447 -0.061903 -0.151215 0.982029
-0.481976 0.802186 -0.986162 -0.094270 -0.062102 -0.151152 0.982044
-0.516242 0.789341 -1.000892 -0.094020 -0.062279 -0.151017 0.982077
-0.550921 0.776283 -1.015761 -0.093698 -0.062411 -0.150845 0.982126
-0.224348 0.839214 -0.885288 -0.094732 -0.059409 -0.149392 0.982435
-0.254799 0.826743 -0.898632 -0.094553 -0.059497 -0.149253 0.982468
-0.285636 0.814055 -0.912124 -0.094325 -0.059605 -0.149075 0.982510
-0.316862 0.801144 -0.925760 -0.094112 -0.059789 -0.148949 0.982539
-0.348480 0.788012 -0.939544 -0.093978 -0.060083 -0.148814 0.982554
-0.380486 0.774661 -0.953476 -0.093856 -0.060328 -0.148648 0.982576
-0.412883 0.761088 -0.967550 -0.093682 -0.060535 -0.148557 0.982594
-0.445680 0.747288 -0.981757 -0.093517 -0.060743 -0.148520 0.982602
-0.478883 0.733256 -0.996095 -0.093452 -0.060983 -0.148420 0.982608
-0.512494 0.718989 -1.010568 -0.093347 -0.061242 -0.148263 0.982626
-0.194564 0.796814 -0.883247 -0.094586 -0.058442 -0.146697 0.982913
-0.224082 0.783306 -0.896215 -0.094414 -0.058546 -0.146497 0.982953
-0.253963 0.769562 -0.909316 -0.094155 -0.058743 -0.146378 0.982984
-0.284217 0.755584 -0.922554 -0.093890 -0.058878 -0.146284 0.983015
-0.314851 0.741374 -0.935923 -0.093622 -0.058972 -0.146212 0.983046
-0.345869 0.726931 -0.949420 -0.093360 -0.059236 -0.146135 0.983066
-0.377270 0.712253 -0.963054 -0.093145 -0.059412 -0.146008 0.983095
-0.409057 0.697336 -0.976830 -0.092977 -0.059456 -0.145898 0.983125
-0.441231 0.682180 -0.990752 -0.092740 -0.059527 -0.145839 0.983152
-0.473794 0.666789 -1.004824 -0.092492 -0.059606 -0.145750 0.983183
-0.164744 0.759551 -0.879605 -0.093838 -0.056878 -0.144258 0.983437
-0.193351 0.745144 -0.892223 -0.093671 -0.057021 -0.143989 0.983484
-0.222331 0.730499 -0.904976 -0.093484 -0.057166 -0.143670 0.983540
-0.251683 0.715612 -0.917864 -0.093276 -0.057298 -0.143539 0.983572
-0.281406 0.700486 -0.930887 -0.093100 -0.057422 -0.143503 0.983586
-0.311496 0.685126 -0.944042 -0.092979 -0.057501 -0.143402 0.983608
-0.341958 0.669532 -0.957328 -0.092770 -0.057551 -0.143255 0.983646
-0.372794 0.653695 -0.970747 -0.092496 -0.057678 -0.143052 0.983694
-0.404004 0.637609 -0.984304 -0.092301 -0.057820 -0.142887 0.983728
-0.435587 0.621283 -0.998001 -0.092161 -0.057981 -0.142773 0.983748
-0.135296 0.727770 -0.876077 -0.093644 -0.055391 -0.141281 0.983973
-0.163014 0.712623 -0.888370 -0.093484 -0.055462 -0.141129 0.984006
-0.191074 0.697243 -0.900814 -0.093271 -0.055535 -0.141020 0.984037
-0.219483 0.681627 -0.913407 -0.093067 -0.055609 -0.140991 0.984057
-0.248245 0.665762 -0.926147 -0.092912 -0.055700 -0.140979 0.984068
-0.277361 0.649642 -0.939035 -0.092716 -0.055749 -0.140936 0.984090
-0.306832 0.633267 -0.952077 -0.092481 -0.055881 -0.140872 0.984114
-0.336658 0.616638 -0.965266 -0.092341 -0.056068 -0.140794 0.984127
-0.366838 0.599744 -0.978600 -0.092245 -0.056267 -0.140728 0.984134
-0.397367 0.582582 -0.992076 -0.092109 -0.056467 -0.140553 0.984161
-0.104499 0.700661 -0.873004 -0.093558 -0.054001 -0.138910 0.984396
-0.131249 0.684805 -0.885110 -0.093350 -0.054152 -0.138765 0.984428
-0.158322 0.668694 -0.897352 -0.093201 -0.054322 -0.138697 0.984442
-0.185722 0.652331 -0.909728 -0.093026 -0.054431 -0.138634 0.984461
-0.213455 0.635718 -0.922238 -0.092870 -0.054574 -0.138523 0.984484
-0.241519 0.618856 -0.934882 -0.092677 -0.054715 -0.138355 0.984518
-0.269916 0.601747 -0.947658 -0.092512 -0.054815 -0.138160 0.984555
-0.298640 0.584393 -0.960571 -0.092302 -0.054957 -0.138017 0.984587
-0.327684 0.566792 -0.973619 -0.092110 -0.055179 -0.137894 0.984610
-0.357044 0.548941 -0.986797 -0.091931 -0.055341 -0.137695 0.984645
-0.073130 0.677955 -0.869808 -0.093487 -0.052962 -0.136015 0.984863
-0.098819 0.661559 -0.881625 -0.093387 -0.053119 -0.135863 0.984885
-0.124815 0.644893 -0.893573 -0.093311 -0.053261 -0.135755 0.984899
-0.151119 0.627957 -0.905649 -0.093232 -0.053345 -0.135648 0.984917
-0.177733 0.610754 -0.917853 -0.093090 -0.053457 -0.135615 0.984929
-0.204657 0.593282 -0.930187 -0.092914 -0.053622 -0.135549 0.984946
-0.231890 0.575541 -0.942655 -0.092770 -0.053807 -0.135444 0.984964
-0.259427 0.557536 -0.955258 -0.092599 -0.054026 -0.135294 0.984988
-0.287267 0.539271 -0.967996 -0.092398 -0.054141 -0.135053 0.985034
-0.315411 0.520747 -0.980865 -0.092206 -0.054223 -0.134847 0.985076
-0.039839 0.658019 -0.865594 -0.093815 -0.052068 -0.133321 0.985248
-0.064423 0.641057 -0.877136 -0.093609 -0.052279 -0.133338 0.985254
-0.089290 0.623842 -0.888809 -0.093456 -0.052495 -0.133241 0.985270
-0.114447 0.606374 -0.900609 -0.093283 -0.052663 -0.133148 0.985290
-0.139902 0.588645 -0.912536 -0.093102 -0.052829 -0.133061 0.985310
-0.165659 0.570649 -0.924597 -0.092925 -0.052933 -0.132901 0.985343
-0.191710 0.552384 -0.936792 -0.092744 -0.053004 -0.132734 0.985379
-0.218053 0.533850 -0.949124 -0.092600 -0.053149 -0.132588 0.985404
-0.244689 0.515048 -0.961589 -0.092439 -0.053277 -0.132508 0.985423
-0.271614 0.495973 -0.974182 -0.092253 -0.053366 -0.132398 0.985450
-0.004792 0.641884 -0.860591 -0.093967 -0.051264 -0.130687 0.985628
-0.028256 0.624481 -0.871881 -0.093817 -0.051411 -0.130488 0.985661
-0.051989 0.606810 -0.883300 -0.093747 -0.051498 -0.130322 0.985685
-0.075988 0.588871 -0.894849 -0.093659 -0.051639 -0.130250 0.985696
-0.100244 0.570659 -0.906524 -0.093419 -0.051839 -0.130120 0.985725
-0.124755 0.552167 -0.918317 -0.093165 -0.051964 -0.129890 0.985773
-0.149526 0.533392 -0.930226 -0.092972 -0.052033 -0.129731 0.985809
-0.174557 0.514328 -0.942250 -0.092802 -0.052173 -0.129669 0.985825
-0.199850 0.494964 -0.954395 -0.092619 -0.052374 -0.129586 0.985843
-0.225408 0.475302 -0.966662 -0.092429 -0.052529 -0.129493 0.985865
0.031815 0.627546 -0.855751 -0.094128 -0.050553 -0.127893 0.986016
0.009597 0.609621 -0.866750 -0.093980 -0.050662 -0.127740 0.986044
-0.012871 0.591420 -0.877873 -0.093876 -0.050785 -0.127559 0.986071
-0.035591 0.572951 -0.889113 -0.093804 -0.050879 -0.127440 0.986089
-0.058565 0.554214 -0.900469 -0.093736 -0.050958 -0.127320 0.986107
-0.081792 0.535200 -0.911944 -0.093671 -0.051063 -0.127162 0.986128
-0.105271 0.515902 -0.923542 -0.093483 -0.051109 -0.127058 0.986157
-0.128999 0.496319 -0.935266 -0.093246 -0.051154 -0.127028 0.986181
-0.152974 0.476455 -0.947116 -0.093075 -0.051252 -0.126910 0.986207
-0.177195 0.456312 -0.959092 -0.092895 -0.051332 -0.126779 0.986237
0.070243 0.615782 -0.850897 -0.094662 -0.049469 -0.125053 0.986384
0.049263 0.597486 -0.861646 -0.094519 -0.049608 -0.124817 0.986421
0.028061 0.578908 -0.872514 -0.094447 -0.049693 -0.124630 0.986447
0.006634 0.560045 -0.883495 -0.094352 -0.049816 -0.124468 0.986470
-0.015020 0.540903 -0.894586 -0.094199 -0.049953 -0.124261 0.986504
-0.036902 0.521489 -0.905790 -0.093982 -0.049942 -0.124151 0.986539
-0.059005 0.501802 -0.917107 -0.093764 -0.049925 -0.124081 0.986570
-0.081326 0.481841 -0.928538 -0.093612 -0.050010 -0.123874 0.986606
-0.103873 0.461604 -0.940084 -0.093396 -0.050091 -0.123587 0.986658
-0.126657 0.441091 -0.951753 -0.093117 -0.050226 -0.123369 0.986705
0.110150 0.606060 -0.845519 -0.094891 -0.048573 -0.121510 0.986849
0.090432 0.587491 -0.855984 -0.094768 -0.048671 -0.121218 0.986892
0.070498 0.568656 -0.866561 -0.094649 -0.048765 -0.121047 0.986920
0.050344 0.549553 -0.877250 -0.094509 -0.048886 -0.120942 0.986940
0.029963 0.530178 -0.888058 -0.094272 -0.048947 -0.120809 0.986976
0.009350 0.510528 -0.898985 -0.094058 -0.049086 -0.120660 0.987008
-0.011497 0.490603 -0.910028 -0.093893 -0.049207 -0.120485 0.987039
-0.032574 0.470402 -0.921180 -0.093739 -0.049242 -0.120387 0.987064
-0.053876 0.449927 -0.932439 -0.093613 -0.049305 -0.120269 0.987087
-0.075404 0.429174 -0.943812 -0.093384 -0.049357 -0.120160 0.987119
0.150302 0.600140 -0.840455 -0.095163 -0.047714 -0.118484 0.987233
0.131689 0.581400 -0.850650 -0.095075 -0.047825 -0.118404 0.987246
0.112861 0.562388 -0.860951 -0.094896 -0.047910 -0.118283 0.987273
0.093813 0.543103 -0.871365 -0.094652 -0.047981 -0.118105 0.987315
0.074547 0.523541 -0.881899 -0.094477 -0.048043 -0.117960 0.987346
0.055061 0.503705 -0.892558 -0.094325 -0.048171 -0.117861 0.987366
0.035353 0.483602 -0.903340 -0.094144 -0.048295 -0.117716 0.987394
0.015423 0.463233 -0.914242 -0.094037 -0.048359 -0.117598 0.987415
-0.004730 0.442593 -0.925258 -0.093954 -0.048389 -0.117531 0.987430
-0.025105 0.421675 -0.936383 -0.093781 -0.048452 -0.117389 0.987460
0.189869 0.596005 -0.835932 -0.095646 -0.046949 -0.115510 0.987575
0.172243 0.577147 -0.845930 -0.095578 -0.047014 -0.115283 0.987605
0.154405 0.558011 -0.856054 -0.095400 -0.047081 -0.115011 0.987651
0.136356 0.538597 -0.866306 -0.095162 -0.047162 -0.114789 0.987696
0.118099 0.518910 -0.876680 -0.094928 -0.047270 -0.114633 0.987731
0.099639 0.498964 -0.887170 -0.094784 -0.047409 -0.114557 0.987748
0.080970 0.478770 -0.897779 -0.094644 -0.047556 -0.114471 0.987764
0.062086 0.458328 -0.908507 -0.094510 -0.047651 -0.114306 0.987791
0.042982 0.437627 -0.919351 -0.094478 -0.047730 -0.114081 0.987816
0.023661 0.416667 -0.930308 -0.094389 -0.047880 -0.113784 0.987852
