0.076735 0.289040 0.331000 
0.076735 0.311274 0.330000 
0.076735 0.344624 0.330000 
0.069061 0.377975 0.334000 
0.069061 0.411326 0.339000 
0.069061 0.444677 0.335000 
0.069061 0.466911 0.317000 
0.069061 0.489144 0.313000 
0.069061 0.500261 0.302000 
0.076735 0.511378 0.302000 
0.084408 0.522495 0.301000 
0.092082 0.533612 0.297000 
0.099755 0.522495 0.283000 
0.099755 0.533612 0.248000 
0.107429 0.533612 0.223000 
0.115102 0.533612 0.202000 
0.115102 0.544729 0.170000 
0.115102 0.544729 0.136000 
0.115102 0.544729 0.111000 
0.122776 0.555846 0.095000 
0.130449 0.555846 0.086000 
0.138123 0.555846 0.073000 
0.153470 0.555846 0.065000 
0.161143 0.566963 0.057000 
0.168817 0.566963 0.049000 
0.168817 0.566963 0.029000 
0.168817 0.578080 0.022000 
0.168817 0.589197 0.005000 
0.176490 0.600314 -0.007000 
0.176490 0.611430 -0.016000 
0.184164 0.611430 -0.018000 
0.191837 0.622547 -0.020000 
0.199511 0.622547 -0.030000 
0.207184 0.633664 -0.039000 
0.214858 0.633664 -0.041000 
0.222531 0.644781 -0.054000 
0.230205 0.644781 -0.067000 
0.237878 0.633664 -0.083000 
